000000000000
000000110010
000001100100
000010010111
000011001001
000011111011
000100101100
000101011110
000110001111
000111000001
000111110001
001000100010
001001010010
001010000010
001010110010
001011100001
001100001111
001100111110
001101101011
001110011000
001111000101
001111110001
010000011100
010001000111
010001110001
010010011011
010011000011
010011101011
010100010011
010100111001
010101011111
010110000011
010110100111
010111001011
010111101101
011000001110
011000101110
011001001110
011001101100
011010001010
011010100110
011011000001
011011011100
011011110101
011100001101
011100100100
011100111010
011101001111
011101100011
011101110110
011110000111
011110011000
011110100111
011110110101
011111000010
011111001101
011111011000
011111100001
011111101001
011111110000
011111110101
011111111001
011111111101
011111111110
011111111111
011111111110
011111111101
011111111001
011111110101
011111110000
011111101001
011111100001
011111011000
011111001101
011111000010
011110110101
011110100111
011110011000
011110000111
011101110110
011101100011
011101001111
011100111010
011100100100
011100001101
011011110101
011011011100
011011000001
011010100110
011010001010
011001101100
011001001110
011000101110
011000001110
010111101101
010111001011
010110100111
010110000011
010101011111
010100111001
010100010011
010011101011
010011000011
010010011011
010001110001
010001000111
010000011100
001111110001
001111000101
001110011000
001101101011
001100111110
001100001111
001011100001
001010110010
001010000010
001001010010
001000100010
000111110001
000111000001
000110001111
000101011110
000100101100
000011111011
000011001001
000010010111
000001100100
000000110010
000000000000
111111001110
111110011100
111101101001
111100110111
111100000101
111011010100
111010100010
111001110001
111000111111
111000001111
110111011110
110110101110
110101111110
110101001110
110100011111
110011110001
110011000010
110010010101
110001101000
110000111011
110000001111
101111100100
101110111001
101110001111
101101100101
101100111101
101100010101
101011101101
101011000111
101010100001
101001111101
101001011001
101000110101
101000010011
100111110010
100111010010
100110110010
100110010100
100101110110
100101011010
100100111111
100100100100
100100001011
100011110011
100011011100
100011000110
100010110001
100010011101
100010001010
100001111001
100001101000
100001011001
100001001011
100000111110
100000110011
100000101000
100000011111
100000010111
100000010000
100000001011
100000000111
100000000011
100000000010
100000000001
100000000010
100000000011
100000000111
100000001011
100000010000
100000010111
100000011111
100000101000
100000110011
100000111110
100001001011
100001011001
100001101000
100001111001
100010001010
100010011101
100010110001
100011000110
100011011100
100011110011
100100001011
100100100100
100100111111
100101011010
100101110110
100110010100
100110110010
100111010010
100111110010
101000010011
101000110101
101001011001
101001111101
101010100001
101011000111
101011101101
101100010101
101100111101
101101100101
101110001111
101110111001
101111100100
110000001111
110000111011
110001101000
110010010101
110011000010
110011110001
110100011111
110101001110
110101111110
110110101110
110111011110
111000001111
111000111111
111001110001
111010100010
111011010100
111100000101
111100110111
111101101001
111110011100
111111001110
;